# Number of parameters = 166 Objective function value = 337.719434527561  Maximum gradient component = 6.86527342652129e-05
# log_mean_rec:
4.25880108061
# sigr:
0.890935943025
# a50:
2.53600262638
# delta:
5.26176447092
# a502:
6.26838225366
# delta2:
1.92155823073
# a503:
2.65682659416
# delta3:
7.94706614534
# a50_srv1:
4.92039448469
# delta_srv1:
5.19049785024
# a50_srv2:
7.30000000000
# delta_srv2:
3.80000000000
# log_avg_F:
-2.59862197770
# log_F_devs:
 -0.757520153227 0.469600728923 1.05268229680 1.70244517502 2.25314545063 1.82934355928 1.46915820264 1.45196037621 1.25740300799 0.831746821001 1.41081681404 1.49070034782 1.27864933812 1.31486327540 1.49157172928 1.62189291704 1.19173758118 0.273657736268 0.338229206902 0.662101974337 0.717760504264 0.0929437981912 -0.594171913178 -0.697347488647 -2.01794538233 -1.08894956264 -0.440086426502 0.154073639697 0.446992644259 0.512623386162 -0.279537925885 -0.435151519902 -1.76282128741 -2.05507915074 -1.06193629920 -0.606931268894 -0.565292856462 -0.689803941041 -0.559305312311 -0.607270149458 -0.552401819521 -0.481489360991 -0.582750108122 -0.543290710510 -0.621898137943 -0.484520860870 -0.748457844439 -0.833409411295 -0.836451225211 -0.682827202886 -0.797856086170 -0.764564362157 -0.895567439531 -0.608902550298 -0.551239797995 -0.336543918044 -0.274968445990 -0.214553572316 -0.155331002757 -0.135707237598 0.00577845638604
# mat_a50:
9.49480975228
# mat_delta:
0.669595247648
# log_rec_dev:
 -0.365495541912 -0.384092021640 -0.399393671303 -0.413269012755 -0.426970710934 -0.440828207529 -0.452463254084 -0.462119571888 -0.470338166570 -0.475857867676 -0.476726299088 -0.472267561741 -0.460732667449 -0.439336803663 -0.405366582217 -0.355332352204 -0.285848383108 -0.195791083128 -0.0908924219884 0.00825757377242 0.0718018903994 0.103921784641 3.11069631156 0.298592610242 0.314312685667 3.10893412750 0.245819679755 0.458740269836 1.11070874758 0.508674409618 0.543117215094 1.41299960276 0.764932049264 0.167883828721 -0.189819996412 -0.0850782943264 -0.386053024117 -0.849781165741 -1.09467432153 -1.25256146668 -1.35608701047 -1.36849870007 -1.11159160272 -0.0546830352138 -0.707153492514 -0.830724625154 -0.717468180724 -0.444170837459 -0.326467563443 -0.428447631950 -0.0254738037859 0.605088355041 0.344014224298 0.851466009906 0.630103338111 0.386487389378 -0.245740719420 0.207452709556 -0.196007920104 0.155434843359 -0.232225883653 0.687592766747 0.827740999896 0.315997485283 0.362634792068 1.16175429563 0.624705791569 1.01656106233 0.429596721252 0.828262849065 -0.506058983697 0.477411987525 -0.0498772460475 1.04629416302 0.375416554740 1.02273761564 -0.544164182535 0.715699423808 -1.16927011677 0.528065663647 0.0148932453470 0.592079890642 -0.511074811584 1.97500236602 1.15078536663 0.0114601857291 0.00419484795202
# log_q_srv1:
0.522798603993
# log_q_srv2:
0.00000000000
# cv_cpue:
0.00000000000
# logm:
-2.67976748880
# mF50:
0.0655746638453
# mF40:
0.0914010039839
# mF35:
0.108355682201
