#Species name here:
Model_1_goa_pop_2021.dat
#SSL Species?
0
#Constant buffer of Dorn?
0
#Number of fisheries?
1
#Number of sexes?
1
#5year_Average_F(endyr-4,endyr_as_estimated_by_ADmodel)
0.063986
#_Author_F_as_fraction_F_40%
1
#ABC SPR
0.4
#MSY SPR
0.35
#_Spawn_month
5
#_Number_of_ages
28
#_F_ratio(must_sum_to_one_only_one_fishery)
1
#_Natural_Mortality 2 3 4 5 6 7 8 9 10 11 12 13 14 15 16 17 18 19 20 21 22 23 24 25 26 27 28 29
 0.0685791 0.0685791 0.0685791 0.0685791 0.0685791 0.0685791 0.0685791 0.0685791 0.0685791 0.0685791 0.0685791 0.0685791 0.0685791 0.0685791 0.0685791 0.0685791 0.0685791 0.0685791 0.0685791 0.0685791 0.0685791 0.0685791 0.0685791 0.0685791 0.0685791 0.0685791 0.0685791 0.0685791
#_Maturity_divided_by_2(projection_program_uses_to_get_female_spawning_biomass_if_divide_by_2 2 3 4 5 6 7 8 9 10 11 12 13 14 15 16 17 18 19 20 21 22 23 24 25 26 27 28 29
 0.00657105 0.0127563 0.0246193 0.0469894 0.0878553 0.158356 0.268761 0.417919 0.583771 0.732603 0.842568 0.9127 0.953321 0.975547 0.987331 0.993474 0.996649 0.998282 0.99912 0.999549 0.999769 0.999882 0.999939 0.999969 0.999984 0.999992 0.999996 0.999998
#_Wt_at_age_spawners 2 3 4 5 6 7 8 9 10 11 12 13 14 15 16 17 18 19 20 21 22 23 24 25 26 27 28 29
 44.2 98.5 167.4 243.7 321.6 397 467.2 530.8 587.3 636.7 679.3 715.7 746.6 772.7 794.6 813 828.2 840.9 851.5 860.2 867.5 873.4 878.4 882.4 885.8 888.6 890.8 897.1
#_Wt_at_age_fishery 2 3 4 5 6 7 8 9 10 11 12 13 14 15 16 17 18 19 20 21 22 23 24 25 26 27 28 29
 44.2 98.5 167.4 243.7 321.6 397 467.2 530.8 587.3 636.7 679.3 715.7 746.6 772.7 794.6 813 828.2 840.9 851.5 860.2 867.5 873.4 878.4 882.4 885.8 888.6 890.8 897.1
#_Selectivity_fishery_scaled_to_max_at_one 2 3 4 5 6 7 8 9 10 11 12 13 14 15 16 17 18 19 20 21 22 23 24 25 26 27 28 29
 0.000972527 0.0118727 0.0456455 0.109345 0.202129 0.31714 0.444361 0.573133 0.693913 0.799257 0.884173 0.946046 0.98431 1 0.995281 0.97302 0.936421 0.888739 0.833078 0.772251 0.708704 0.644483 0.581234 0.520223 0.462378 0.408331 0.358463 0.312956
#_Numbers_at_age_end_year 2 3 4 5 6 7 8 9 10 11 12 13 14 15 16 17 18 19 20 21 22 23 24 25 26 27 28 29
 71.0224 66.7944 194.726 413.347 31.9009 88.6269 45.556 69.1641 11.4348 67.5916 17.1414 73.2681 34.1961 59.702 17.8472 27.1391 9.14652 31.4453 19.1987 31.5315 19.5098 30.5998 12.6183 11.0413 16.8882 13.4705 4.93571 69.7638
#_N_recruitment_years
41
#_Recruitment_start_at_1977_yearclass=1979_for_age_2_recruits 1979 1980 1981 1982 1983 1984 1985 1986 1987 1988 1989 1990 1991 1992 1993 1994 1995 1996 1997 1998 1999 2000 2001 2002 2003 2004 2005 2006 2007 2008 2009 2010 2011 2012 2013 2014 2015 2016 2017 2018 2019
 34.8707 30.8173 34.5129 45.36 51.0259 46.0788 68.9463 129.527 99.7648 165.715 132.808 104.093 55.3159 87.0301 58.1365 82.6187 56.0686 140.667 161.829 97.0085 101.64 226.005 132.093 195.461 108.679 161.914 42.6378 114.002 67.2841 201.36 102.947 196.672 41.0437 144.677 21.9668 119.925 71.7863 127.853 42.4245 509.69 223.539
#_Spawners per recruitment (starting at 1977)
 43.8967 39.2355 39.3545 38.7893 36.6595 34.4233 34.5883 36.3913 38.9174 42.8482 46.6504 49.7984 51.6872 52.9764 54.9922 61.3733 70.0241 82.5271 96.8491 110.285 121.746 130.843 138.152 143.262 147.886 152.592 158.133 165.721 174.54 184.819 195.245 206.631 218.104 228.227 235.26 240.705 244.14 247.563 249.184 250.714 250.191 248.217 244.406
