# Number of parameters = 166 Objective function value = 361.914227428721  Maximum gradient component = 6.42576880105948e-05
# log_mean_rec:
4.22770348005
# sigr:
0.916486900956
# a50:
2.53693237440
# delta:
5.28082200751
# a502:
6.23725511067
# delta2:
1.89135163595
# a503:
2.64501887965
# delta3:
7.83171580576
# a50_srv1:
4.78458518539
# delta_srv1:
5.08032629096
# a50_srv2:
7.30000000000
# delta_srv2:
3.80000000000
# log_avg_F:
-2.60850237701
# log_F_devs:
 -0.739852011978 0.476707601329 1.05550068376 1.70700115654 2.25232599468 1.82686020026 1.46908987920 1.45036666127 1.25297919940 0.825823747062 1.40120561042 1.47505188539 1.25831783037 1.29179492344 1.46659383396 1.59607243545 1.16593951341 0.254526280594 0.327776940475 0.660491847767 0.724922790657 0.106670216783 -0.580272938671 -0.686451845036 -2.00654254988 -1.07626527701 -0.427712683889 0.165591258894 0.458153833777 0.521370708741 -0.271815719672 -0.429201309746 -1.75891588047 -2.05288359392 -1.05919290252 -0.602364166466 -0.562346270454 -0.688647939894 -0.559254657042 -0.609118253686 -0.556090165068 -0.486826428890 -0.588839504470 -0.549926879919 -0.628726455780 -0.490892298276 -0.753381512154 -0.837727623325 -0.840288128343 -0.685538334521 -0.799542103955 -0.764583694293 -0.893594603729 -0.605125058558 -0.546419989705 -0.330087591070 -0.265960543780 -0.204170647537 -0.144823561493 -0.124404733195 0.0166550327543
# mat_a50:
9.49480976093
# mat_delta:
0.669595246043
# log_rec_dev:
 -0.377533724342 -0.396326552190 -0.411661758170 -0.425498697361 -0.439134395876 -0.452903363279 -0.464347884548 -0.473715283529 -0.481574215837 -0.486625585871 -0.486860905701 -0.481583358956 -0.469004640460 -0.446224380169 -0.410443793033 -0.358030121730 -0.285453538882 -0.191546646841 -0.0825158637873 0.0190846097239 0.0802332322509 0.105720294312 3.14731571200 0.289740909286 0.303679644325 3.13989276844 0.267555910976 0.480347005108 1.15231087818 0.528921989497 0.554271345566 1.45577529686 0.829747630272 0.181326076959 -0.212385672855 -0.116865111049 -0.423148628255 -0.909041610011 -1.16401283977 -1.31735824490 -1.42920664053 -1.44913890202 -1.19890492656 0.0940630200381 -0.775483542028 -0.882242818441 -0.701971411392 -0.392182422452 -0.334269462177 -0.411923905707 0.0185622588423 0.611101976974 0.397764933958 0.907797398327 0.630918983146 0.387106217118 -0.162533145175 0.257168298392 -0.169812223318 0.193136523952 -0.231984015859 0.741860803397 0.853513558575 0.359637884407 0.375961624151 1.19032135515 0.640639417226 1.05456784044 0.446495347863 0.859613198054 -0.551746699263 0.482095605832 -0.0621206551090 1.11029118315 0.333366918844 1.03557583360 -0.567434672358 0.766353458667 -1.26353906869 0.546147957473 -0.0109655242265 0.644447795591 -0.563672278378 2.03804543386 1.25536414821 0.0120042270881 0.00434450498484
# log_q_srv1:
0.505729682461
# log_q_srv2:
0.00000000000
# cv_cpue:
0.00000000000
# logm:
-2.69238125328
# mF50:
0.0652006052939
# mF40:
0.0906860963017
# mF35:
0.107362823495
