#Species name here:
Model_1_goa_pop_2021.dat
#SSL Species?
0
#Constant buffer of Dorn?
0
#Number of fisheries?
1
#Number of sexes?
1
#5year_Average_F(endyr-4,endyr_as_estimated_by_ADmodel)
0.0640236
#_Author_F_as_fraction_F_40%
1
#ABC SPR
0.4
#MSY SPR
0.35
#_Spawn_month
5
#_Number_of_ages
28
#_F_ratio(must_sum_to_one_only_one_fishery)
1
#_Natural_Mortality 2 3 4 5 6 7 8 9 10 11 12 13 14 15 16 17 18 19 20 21 22 23 24 25 26 27 28 29
 0.0677195 0.0677195 0.0677195 0.0677195 0.0677195 0.0677195 0.0677195 0.0677195 0.0677195 0.0677195 0.0677195 0.0677195 0.0677195 0.0677195 0.0677195 0.0677195 0.0677195 0.0677195 0.0677195 0.0677195 0.0677195 0.0677195 0.0677195 0.0677195 0.0677195 0.0677195 0.0677195 0.0677195
#_Maturity_divided_by_2(projection_program_uses_to_get_female_spawning_biomass_if_divide_by_2 2 3 4 5 6 7 8 9 10 11 12 13 14 15 16 17 18 19 20 21 22 23 24 25 26 27 28 29
 0.00657105 0.0127563 0.0246193 0.0469894 0.0878553 0.158356 0.268761 0.417919 0.583771 0.732603 0.842568 0.9127 0.953321 0.975547 0.987331 0.993474 0.996649 0.998282 0.99912 0.999549 0.999769 0.999882 0.999939 0.999969 0.999984 0.999992 0.999996 0.999998
#_Wt_at_age_spawners 2 3 4 5 6 7 8 9 10 11 12 13 14 15 16 17 18 19 20 21 22 23 24 25 26 27 28 29
 44.2 98.5 167.4 243.7 321.6 397 467.2 530.8 587.3 636.7 679.3 715.7 746.6 772.7 794.6 813 828.2 840.9 851.5 860.2 867.5 873.4 878.4 882.4 885.8 888.6 890.8 897.1
#_Wt_at_age_fishery 2 3 4 5 6 7 8 9 10 11 12 13 14 15 16 17 18 19 20 21 22 23 24 25 26 27 28 29
 44.2 98.5 167.4 243.7 321.6 397 467.2 530.8 587.3 636.7 679.3 715.7 746.6 772.7 794.6 813 828.2 840.9 851.5 860.2 867.5 873.4 878.4 882.4 885.8 888.6 890.8 897.1
#_Selectivity_fishery_scaled_to_max_at_one 2 3 4 5 6 7 8 9 10 11 12 13 14 15 16 17 18 19 20 21 22 23 24 25 26 27 28 29
 0.000983378 0.0121065 0.046683 0.111914 0.206779 0.324034 0.453214 0.583287 0.704469 0.809228 0.892622 0.952182 0.987553 1 0.991917 0.966373 0.926734 0.876377 0.818482 0.755904 0.691094 0.626079 0.562466 0.501474 0.443971 0.39053 0.341476 0.296934
#_Numbers_at_age_end_year 2 3 4 5 6 7 8 9 10 11 12 13 14 15 16 17 18 19 20 21 22 23 24 25 26 27 28 29
 68.8581 64.8401 209.931 427.829 29.4331 90.8707 43.2128 68.5756 10.1355 69.2766 16.3239 72.3849 32.0071 62.2015 17.2532 26.727 8.58083 31.9271 19.2548 32.3729 19.641 31.277 12.7359 11.5177 17.3497 14.2736 4.96603 72.8874
#_N_recruitment_years
41
#_Recruitment_start_at_1977_yearclass=1979_for_age_2_recruits 1979 1980 1981 1982 1983 1984 1985 1986 1987 1988 1989 1990 1991 1992 1993 1994 1995 1996 1997 1998 1999 2000 2001 2002 2003 2004 2005 2006 2007 2008 2009 2010 2011 2012 2013 2014 2015 2016 2017 2018 2019
 31.5704 28.3736 33.9786 46.3176 49.0791 45.4121 69.8441 126.318 102.051 169.949 128.847 100.969 58.2748 88.6656 57.8522 83.1661 54.3649 143.964 160.97 98.2329 99.8496 225.433 130.105 196.816 107.147 161.955 39.4864 111.03 64.4302 208.095 95.6858 193.114 38.8718 147.534 19.3785 118.374 67.8119 130.602 39.0183 526.236 240.584
#_Spawners per recruitment (starting at 1977)
 45.7983 40.8434 40.6791 39.7976 37.3435 34.8247 34.7965 36.4946 38.9933 42.9351 46.7469 49.8809 51.7445 53.0134 55.0353 61.4463 70.1732 82.8025 97.2998 110.932 122.583 131.873 139.398 144.738 149.591 154.519 160.278 168.081 177.101 187.549 198.108 209.616 221.187 231.383 238.445 243.863 247.223 250.549 252.076 253.506 252.858 250.737 246.8
